image_width: 640
image_height: 480
camera_name: narrow_stereo
camera_matrix:
  rows: 3
  cols: 3
  data: [985.01101,   0.     , 355.46371,
           0.     , 965.79071, 350.22292,
           0.     ,   0.     ,   1.     ]
distortion_model: plumb_bob
distortion_coefficients:
  rows: 1
  cols: 5
  data: [0.068987, -0.272002, 0.006081, 0.015717, 0.000000]
rectification_matrix:
  rows: 3
  cols: 3
  data: [1., 0., 0.,
         0., 1., 0.,
         0., 0., 1.]
projection_matrix:
  rows: 3
  cols: 4
  data: [986.83321,   0.     , 360.50356,   0.     ,
           0.     , 973.11465, 351.67669,   0.     ,
           0.     ,   0.     ,   1.     ,   0.     ]

